 -0.50000000000000000        0.0000000000000000     
 -0.48750000000000004        7.4935104258873356E-002
 -0.46250000000000002       0.21730662427298983     
 -0.43750000000000000       0.35217878236586325     
 -0.41250000000000003       0.47955102215710632     
 -0.38750000000000001       0.59942281334962566     
 -0.36249999999999999       0.71179366618549111     
 -0.33750000000000002       0.81666320378916546     
 -0.31250000000000000       0.91403126601886608     
 -0.28749999999999998        1.0038980217725766     
 -0.26250000000000001        1.0862640681103499     
 -0.23749999999999999        1.1611304997675085     
 -0.21249999999999999        1.2284989381958813     
 -0.18750000000000000        1.2883715045278050     
 -0.16250000000000001        1.3407507535736685     
 -0.13750000000000001        1.3856395418239589     
 -0.11249999999999999        1.4230408669410313     
  -8.7499999999999967E-002   1.4529576646298359     
  -6.2500000000000000E-002   1.4753925968586015     
  -3.7500000000000033E-002   1.4903479167391345     
  -1.2500000000000011E-002   1.4978251280401895     
   1.2500000000000011E-002   1.4978251652259060     
   3.7500000000000033E-002   1.4903478805059740     
   6.2500000000000056E-002   1.4753926347272812     
   8.7500000000000022E-002   1.4529576288001602     
  0.11249999999999999        1.4230409038331790     
  0.13750000000000001        1.3856395081351893     
  0.16250000000000003        1.3407507803596448     
  0.18750000000000006        1.2883714922691945     
  0.21250000000000002        1.2284989380936853     
  0.23750000000000004        1.1611305055818779     
  0.26250000000000007        1.0862640640873060     
  0.28749999999999998        1.0038980238412369     
  0.31250000000000000       0.91403126598904538     
  0.33750000000000002       0.81666320323610209     
  0.36250000000000004       0.71179366586219994     
  0.38750000000000007       0.59942281266555242     
  0.41249999999999998       0.47955102130101779     
  0.43750000000000000       0.35217878155012550     
  0.46250000000000002       0.21730662374914153     
  0.48750000000000004        7.4935104183748436E-002
  0.50000000000000011        0.0000000000000000     
