  0.51017187453648305       0.29999043838770539        1.0181744090501941       -9.7348345933645465E-004
  0.51815476273707906       0.29997963884959822        1.0269751954499855       -1.3823079429561679E-003
  0.52618891009461177       0.29996687504391739        1.0333647396702372       -1.6303921731420684E-003
  0.53427038672355798       0.29995232856266213        1.0394485255703900       -1.8404170882643750E-003
  0.54239369815312899       0.29993664352238902        1.0447668649777393       -1.9753489202253309E-003
  0.55055587556413055       0.29992016736687938        1.0497013017871608       -2.1002110737250702E-003
  0.55875274251105322       0.29990265527824078        1.0541588859655702       -2.2049829674818783E-003
  0.56698322955407243       0.29988506365620521        1.0584644434620045       -2.2015223312189971E-003
  0.57524423352043319       0.29986736133269132        1.0623566330201548       -2.2128299530601208E-003
  0.58353355788685668       0.29984938920157633        1.0659805116132643       -2.2553429816310985E-003
  0.59184944136062512       0.29983148187918851        1.0693721365201423       -2.2388105608243114E-003
  0.60018982811979849       0.29981375010937539        1.0725017511552128       -2.2118792613741887E-003
  0.60855217185371002       0.29979601935511146        1.0753058145514063       -2.2221768341125748E-003
  0.61693540574820227       0.29977855760264871        1.0779799719678429       -2.1801757646562861E-003
  0.62533822346695489       0.29976151690356656        1.0804137938480376       -2.1599551335286884E-003
  0.63375789256902948       0.29974462404371305        1.0826351058267623       -2.1109626219978231E-003
  0.64219352895894655       0.29972817089562903        1.0846701096850926       -2.0514787147762905E-003
  0.65064346252481742       0.29971226025937042        1.0864607930731451       -1.9952725433260241E-003
  0.65910522042946462       0.29969662948491432        1.0879967548539364       -1.9526953118177326E-003
  0.66757811290729063       0.29968148780797838        1.0894177285478357       -1.8857066585162949E-003
  0.67606023948101956       0.29966693686796109        1.0905223419524452       -1.8405199258181083E-003
  0.68454992369225487       0.29965267239834464        1.0915533385497631       -1.7789637273840182E-003
  0.69304607543048014       0.29963899173127123        1.0923667551273482       -1.7004397741084509E-003
  0.70154729595392951       0.29962591502123548        1.0929480089242807       -1.6499352353796810E-003
  0.71005175090581141       0.29961325888423646        1.0934145328360669       -1.5751655941951958E-003
  0.71855879629658315       0.29960118273928671        1.0937352367518982       -1.4991839612766543E-003
  0.72706699948446274       0.29958971294697112        1.0938270569475503       -1.4438169769606748E-003
  0.73557494022318737       0.29957863985313626        1.0938333661376685       -1.3766929305453551E-003
  0.74408184980008985       0.29956814860864023        1.0936880483148457       -1.3000346610663005E-003
  0.75258667235157628       0.29955825129451052        1.0933697774128623       -1.2455227688668896E-003
  0.76108805604877960       0.29954875883013604        1.0929646064589582       -1.1782059703402026E-003
  0.76958567792622024       0.29953983152455554        1.0924733079055768       -1.1040907058980254E-003
  0.77807824260922898       0.29953145294299532        1.0917745995080081       -1.0531586046554284E-003
  0.78656503356620555       0.29952347339168900        1.0910713942630867       -9.8829329456349068E-004
  0.79504538303978189       0.29951603873787597        1.0902320840126511       -9.1688101874051427E-004
  0.80351854177078641       0.29950910500265021        1.0892719006341258       -8.7017039951065543E-004
  0.81198367371376168       0.29950256472879033        1.0882694303037792       -8.0770118248508019E-004
  0.82044049508405525       0.29949653277226757        1.0871948412962973       -7.4158146366697737E-004
  0.82888821421094538       0.29949096460246111        1.0859911513354408       -6.9806457154745550E-004
  0.83732630492545401       0.29948576533427862        1.0847823194507529       -6.4002328588918134E-004
  0.84575443600839351       0.29948102882978994        1.0834949662090947       -5.7982999145985261E-004
  0.85417199604015925       0.29947671285549737        1.0821103376140586       -5.3965349306535316E-004
  0.86257859680450522       0.29947273944897090        1.0807246379915794       -4.8677706290703698E-004
  0.87097398635012380       0.29946919728819832        1.0792782614252807       -4.3068709469075938E-004
  0.87935768496022415       0.29946603114519549        1.0777536750228056       -3.9460849573765396E-004
  0.88772933739043192       0.29946318211714640        1.0762249988447536       -3.4616407465753009E-004
  0.89608885063081622       0.29946071806228913        1.0746610065729958       -2.9645303757879979E-004
  0.90443577160018951       0.29945860136594860        1.0730221433883287       -2.6219018530367901E-004
  0.91276987480853689       0.29945677187196829        1.0713933311507866       -2.1897398024905244E-004
  0.92109105440327510       0.29945529006379451        1.0697288784012222       -1.7388670750762659E-004
  0.92939903159594228       0.29945412050686665        1.0680152498393694       -1.4318152626866424E-004
  0.93769358922471246       0.29945320820104737        1.0663065264160165       -1.0434638321722894E-004
  0.94597472162392149       0.29945261059263956        1.0645786445132586       -6.3729841475293294E-005
  0.95424214831455800       0.29945228522518652        1.0628020691356348       -3.6519348240015133E-005
  0.96249575445417168       0.29945219598169154        1.0610404299780409       -1.7749740248354576E-006
  0.97073553580217276       0.29945237767559701        1.0592615911690166        3.3059275377292065E-005
  0.97896132312758322       0.29945280962065091        1.0574503228529866        5.8528948400998481E-005
  0.98717301431577620       0.29945344177490818        1.0556514500594059        8.7958115420458090E-005
  0.99537065835900707       0.29945431976531578        1.0538446078317625        1.1987594095149841E-004
   1.0035541167228146       0.29945541199193698        1.0520092969263006        1.4137780482736712E-004
   1.0117233366576739       0.29945668899136035        1.0501916620772060        1.6851491443829847E-004
   1.0198783398007178       0.29945817410530007        1.0483631561119868        1.9502773688940349E-004
   1.0280190772825994       0.29945985540320291        1.0465192061846753        2.1567004437474818E-004
   1.0361454948302262       0.29946169628897101        1.0446898371000495        2.3854860590968193E-004
   1.0442576619079535       0.29946372176301228        1.0428575113413610        2.6237062187103627E-004
   1.0523555531493289       0.29946592025140040        1.0410132565256804        2.8044307648306707E-004
   1.0604391317575017       0.29946825764652779        1.0391837402164690        3.0049135254280572E-004
   1.0685084891175256       0.29947075394468525        1.0373554940864906        3.2074642764195571E-004
   1.0765636144131892       0.29947339989798766        1.0355180764006768        3.3686595411155110E-004
   1.0846045055580726       0.29947616842633773        1.0336975608896766        3.5407584465621002E-004
   1.0926312374086973       0.29947907260003481        1.0318772958137667        3.7133198659378906E-004
   1.1006438578179361       0.29948211078586523        1.0300607331362257        3.8715642048202782E-004
   1.1086423411827240       0.29948525405105342        1.0282471150544541        4.0062612098641642E-004
   1.1166268132666994       0.29948851536465926        1.0264467039444611        4.1574459135331425E-004
   1.1245972870563612       0.29949188695360079        1.0246472952592054        4.2953416028320519E-004
   1.1325538177763850       0.29949535583167364        1.0228555509952646        4.4106470465648726E-004
   1.1404964719194621       0.29949892066668626        1.0210725127196589        4.5324932675091021E-004
   1.1484253101311783       0.29950258258706514        1.0192972561073079        4.6560213747367276E-004
   1.1563403818749347       0.29950632846039754        1.0175271092089724        4.7546657115923446E-004
   1.1642417877227460       0.29951015667055503        1.0157722167981109        4.8598060785054600E-004
